rbc
5.12	
5.13	
4.58	
4.31	
4.09	
4.41	
4.33	
4.58	
4.24	
5.45	
4.32	
4.84
4.91	
5.14	
5.25	
4.89	
4.79	
4.90	
5.09	
4.64	
5.14	
5.46	
4.66	
4.20
4.21	
3.73	
5.17	
5.79	
5.46	
4.49	
4.85	
5.28	
4.78	
4.32	
4.94	
5.21
4.68	
5.09	
4.68	
4.91	
5.13	
5.26	
3.84	
4.17	
4.56	
3.52	
6.00	
4.05
4.92	
4.87	
4.28	
4.46	
5.03	
5.69	
5.25	
4.56	
5.53	
4.58	
4.86	
4.97
4.70	
4.28	
4.37	
5.33	
4.78	
4.75	
5.39	
5.27	
4.89	
6.18	
4.13	
5.22
4.44	
4.13	
4.43	
4.02	
5.86	
5.12	
5.36	
3.86	
4.68	
5.48	
5.31	
4.53
4.83	
4.11	
3.29	
4.18	
4.13	
4.06	
3.42	
4.68	
4.52	
5.19	
3.70	
5.51
4.64	
4.92	
4.93	
4.90	
3.92	
5.04	
4.70	
4.54	
3.95	
4.40	
4.31	
3.77
4.16	
4.58	
5.35	
3.71	
5.27	
4.52	
5.21	
4.37	
4.80	
4.75	
3.86	
5.69
